softmax_bias = [ 0.3934331  -1.2997736   0.32882637  0.3181975  -0.47223318  0.08385015 -0.1574092  -0.77963054  0.40130112 -0.48146918 -0.9487674   0.33017644 -1.5580536  -0.04724682  0.6723168   0.6257267   0.2715645  -0.38019222 -0.58885    -0.28367254];
softmax_weight = [ 1.44313917e-01  1.25429422e-01 -3.15943211e-02 -3.15710932e-01 -4.62887511e-02 -5.88094294e-01  1.90871462e-01 -3.70054334e-01 -5.04178286e-01 -9.64693308e-01 -2.48167515e-01 -4.94561158e-03 -5.22270620e-01 -3.44914168e-01 -4.03687835e-01  9.55677256e-02 5.55469096e-02  1.11321956e-01  1.80469491e-02  2.75453236e-02
  -2.00038528e+00 -4.24809313e+00 -3.28736663e+00 -2.95247054e+00 -4.94840956e+00 -1.98311532e+00 -3.10453868e+00 -4.73884296e+00 -3.12600136e+00 -3.78636026e+00 -2.68087840e+00 -2.73134804e+00 -4.70838928e+00 -3.72658038e+00 -4.77155876e+00 -2.36186314e+00 -3.14576793e+00 -3.20230532e+00 -6.25031233e+00 -4.46964216e+00
  -5.80996037e-01 -5.26726425e-01 -6.09941542e-01 -2.69959748e-01 -1.23652600e-01 -7.97868431e-01 -1.01616755e-01 -8.37242007e-01 -8.22764337e-02  1.69345170e-01  2.99163396e-03 -5.55722535e-01 -6.82025790e-01 -2.02783272e-01 -1.96149454e-01 -6.85546339e-01 -6.92349970e-01 -8.55878830e-01 -1.56540990e-01 -2.21953362e-01
  -1.11338758e+00 -2.52199101e+00 -2.09859920e+00 -2.38428783e+00 -2.00501227e+00 -1.06860948e+00 -2.41789937e+00 -2.72073770e+00 -1.95284045e+00 -2.14520741e+00 -1.87320817e+00 -1.61468434e+00 -7.75831521e-01 -1.57919562e+00 -2.10658145e+00 -1.79006445e+00 -2.41051340e+00 -2.22712469e+00 -2.29146814e+00 -1.99348128e+00
  -1.11668444e+00 -1.19652855e+00 -1.12167907e+00 -1.18934619e+00 -1.24277472e+00 -8.37954700e-01 -1.25641263e+00 -1.33791208e+00 -1.23416150e+00 -1.05918193e+00 -1.25423157e+00 -1.39625549e+00 -4.50308180e+00 -1.19733775e+00 -9.27280724e-01 -4.28786695e-01 -7.45347887e-02 -1.52641547e+00 -1.39070630e+00 -1.18543553e+00
  -1.09475160e+00 -8.36091876e-01 -1.40640140e+00 -1.08142447e+00 -8.21470082e-01 -1.19492686e+00 -7.49511898e-01 -2.04874665e-01 -1.29619229e+00 -5.57147086e-01 -8.12034011e-01 -1.08238685e+00 -3.44399333e+00 -9.01755810e-01 -1.46379399e+00 -1.27141702e+00 -8.83503318e-01 -8.63398433e-01 -1.66170180e+00 -1.31377423e+00
  -1.37587535e+00 -1.43600452e+00 -7.79520571e-01 -1.23007572e+00 -1.66028225e+00 -2.33361214e-01 -1.32402050e+00 -2.22265673e+00 -1.30674195e+00 -1.67835617e+00 -1.32671463e+00 -7.20001876e-01 -8.47646415e-01 -1.21952963e+00 -1.04276013e+00 -1.00370169e+00 -1.40502429e+00 -1.43961835e+00 -2.39914894e+00 -1.84861851e+00
  -2.56577730e-01 -2.76850909e-01  1.08530074e-01 -3.59261125e-01 -3.15320641e-01  1.18890867e-01 -2.63494194e-01 -5.70934355e-01 -3.13929439e-01 -5.57926714e-01 -3.31327558e-01  2.16538906e-01 -2.27307534e+00 -2.93322295e-01 -1.75671086e-01 -2.58648396e-01 -4.67190355e-01 -7.28737116e-01 -1.96879119e-01 -2.98890531e-01
  -1.55437446e+00 -3.07574916e+00 -2.52647877e+00 -3.14514875e+00 -2.17622209e+00 -9.57605839e-01 -3.66353202e+00 -2.62525177e+00 -3.17329621e+00 -2.38217068e+00 -3.71309185e+00 -2.38175201e+00 -1.22907543e+00 -4.14490080e+00 -4.00448990e+00 -1.75705516e+00 -3.81528044e+00 -2.54848289e+00 -3.57026768e+00 -2.19588661e+00
  -1.66759491e-01  1.32687604e-02 -9.99472663e-02 -2.15066314e-01 -1.96608856e-01 -1.61321998e-01 -9.98620316e-02 -1.32372290e-01 -6.75214380e-02 -1.66531399e-01  1.38510555e-01 -1.08911917e-01 -5.41247753e-03  1.01971505e-02 -2.15300292e-01  4.65694405e-02 2.19808653e-01 -2.52388101e-02 -8.51863027e-02  8.26586857e-02
  -1.57723701e+00 -1.51412189e+00 -1.77852166e+00 -1.37287831e+00 -2.39395070e+00 -1.96648443e+00 -2.03711057e+00 -2.42796883e-01 -1.65466464e+00 -1.14823258e+00 -1.32953572e+00 -1.77517200e+00 -3.15211916e+00 -1.37414122e+00 -1.58488929e+00 -1.72115970e+00 -1.74555683e+00 -1.02898717e+00 -3.25691557e+00 -2.16947556e+00
  -1.05960453e+00 -1.37834370e+00 -1.21124041e+00 -1.89545071e+00 -8.95934999e-01 -6.56294465e-01 -1.60319412e+00 -1.41695082e+00 -1.19215143e+00 -1.04488587e+00 -1.85250282e+00 -1.51573253e+00 -6.04814053e-01 -1.62031639e+00 -1.32690907e+00 -7.30873942e-01 -1.41257143e+00 -1.06250823e+00 -1.67396128e+00 -9.88879144e-01
  -2.22975314e-01 -6.54190779e-01 -5.81171513e-01 -2.06132710e-01 -7.24809989e-02 -3.06876719e-01 -3.81687403e-01 -1.82017624e-01 -3.16428185e-01  7.30594806e-03 -3.73958707e-01 -3.66688758e-01 -6.84754312e-01 -2.53734499e-01 -4.99046862e-01 -3.99601936e-01 -1.78288609e-01 -2.83310384e-01 -2.68330991e-01 -1.81838423e-01
  -1.75637558e-01 -1.05880845e+00 -7.63605908e-02  1.03997044e-01 -1.74232215e-01 -3.58821332e-01 -1.98024347e-01  3.71701196e-02 -1.79759935e-01 -1.04291342e-01 -2.52807647e-01 -9.32098255e-02 -7.31109762e+00 -4.13711602e-03 -2.88634986e-01 -4.75167811e-01 -3.20958614e-01 -2.91801929e-01 -4.53487843e-01 -2.46322811e-01
  -1.86500585e+00 -2.00520015e+00 -2.47925568e+00 -3.33645320e+00 -2.90240979e+00 -1.18688416e+00 -3.78877544e+00 -3.20693970e+00 -2.59842014e+00 -2.98748827e+00 -4.25940561e+00 -3.08703899e+00 -4.72759157e-01 -3.98365760e+00 -3.04791880e+00 -1.90029955e+00 -3.42750454e+00 -3.22112942e+00 -2.65636992e+00 -2.54797769e+00
  -1.30794555e-01 -5.01599848e-01 -1.22960053e-01 -9.37066041e-03 1.23101033e-01 -2.51545250e-01 -6.91516325e-02 -2.21592188e-01 -1.12953901e-01 -1.30888773e-04 -1.47185713e-01 -2.57635742e-01 -5.03663607e-02 -1.05930068e-01  1.26716956e-01 -3.10301781e-01 -4.92987990e-01 -1.16852731e-01 -1.41972095e-01 -1.62875339e-01
  -2.89512587e+00 -6.34160566e+00 -3.14803934e+00 -3.80451131e+00 -8.28729057e+00 -3.33836079e+00 -6.90743256e+00 -8.17474937e+00 -3.11835074e+00 -7.41865396e+00 -6.77830315e+00 -2.93701053e+00 -1.93047857e+00 -4.08393717e+00 -3.17859793e+00 -5.55340469e-01 -4.35822904e-01 -8.52032852e+00 -9.77814102e+00 -8.36241722e+00
  -2.04129791e+00 -3.13921571e+00 -1.27424729e+00 -1.74814689e+00 -2.38351059e+00 -2.00775146e+00 -1.29877067e+00 -3.38687658e+00 -1.43811512e+00 -2.15579629e+00 -2.58330989e+00 -8.76325786e-01 -6.16491890e+00 -1.45878756e+00 -1.69492292e+00 -1.88971364e+00 -2.94475913e+00 -3.18542719e+00 -3.44539785e+00 -2.37318611e+00
   7.67716244e-02 -1.66520745e-01 -5.73290698e-02  4.87571433e-02 -2.38621771e-01 -2.77932920e-02  9.85137373e-02 -2.89528608e-01 -2.00635985e-01  3.66673209e-02 -4.11042795e-02  7.26992264e-02 1.80343449e-01 -1.72154665e-01  1.39907837e-01 -1.62590191e-01 3.66390385e-02 -2.36987710e-01 -1.64289922e-01 -7.20988810e-02
   2.40973011e-02 -2.17158541e-01 -6.56571984e-02  8.39443803e-02 -2.91176382e-02 -1.24234647e-01 -1.47118479e-01  6.86596930e-02 1.66869774e-01 -1.12038054e-01  3.29005346e-02  1.37670770e-01 9.50962603e-02  4.97961827e-02  4.49541248e-02  1.22898906e-01 1.94338262e-02 -6.59222826e-02 -1.09454930e-01 -2.77226359e-01
  -6.94427371e-01 -2.53549516e-01 -1.11378267e-01 -4.75241467e-02 -2.16078714e-01 -5.40428102e-01 -7.18024373e-03  1.29370987e-01 -1.29305869e-01 -1.24060605e-02 -3.97050291e-01 -1.24797791e-01 -9.33348942e+00 -2.13843539e-01 -1.11796081e-01 -5.11490226e-01 -1.42364860e-01  1.94898341e-02  1.26395270e-01  1.79424852e-01
   8.24297592e-02 -5.15907444e-02 -1.14569575e-01 -2.17994377e-01 1.20107748e-01  3.30348350e-02  3.24100703e-02 -3.02933846e-02 -7.76084289e-02  1.16021082e-01  3.25740390e-02 -2.22410467e-02 -1.21775232e-01  1.26849815e-01 -2.15960555e-02 -2.19804734e-01 -9.34746116e-02  1.23340376e-01  3.94027634e-03 -9.24736485e-02
  -5.46194792e-01 -2.16343188e+00 -2.94293833e+00 -4.02102566e+00 -3.49728322e+00 -1.02803969e+00 -4.07640839e+00 -6.68556118e+00 -3.85607290e+00 -5.62973118e+00 -8.92279148e+00 -3.91298938e+00 -5.23276627e-01 -6.32333565e+00 -4.87590075e+00 -8.25048387e-01 -2.49157643e+00 -4.05295467e+00 -4.20177555e+00 -2.79764724e+00
